iseed <-
7965L
